1    4  1  0
2    4  4  0 
3   14  1  0
4   14  4  0
5    4  1  3
6    4  4  3
7   14  1  3
8   14  4  3
9   10  1  3
10  10  4  3
11  14  1  7
12  14  4  7
13  11  1 10
14  11  4 10
15  10  0  5
16  10  4  5
17  13  0  9
18  13  4  9
19   2  0 11
20   2  4 11
21   5  0 15
22   5  4 15
45   1  4 10
46   1 16 10
47  28  4 10
48  28 16 10
49   1  4 22
50   1 16 22
51  28  4 22
52  28 16 22
23  18  2  0
24  18  4  0
25  26  2  0
26  26  4  0
27  18  2  2
28  18  4  2
29  26  2  2
30  26  4  2
31  16  2  7
32  16  4  7
33  20  2  8
34  20  4  8
35  22  2  2
36  22  4  2
37  19  1  5
38  19  4  5
39  15  1  8
40  15  4  8
41  25  1 13
42  25  4 13
43  21  1 16
44  21  4 16
53   4 16  0
54   4 19  0
55  14 16  0
56  14 19  0
57   4 16  3
58   4 19  3
59  14 16  3
60  14 19  3
61  10 16  3
62  10 19  3
63  14 16  7
64  14 19  7
65  11 16 10
66  11 19 10 
67  10 16  5
68  10 20  5
69  13 16  9
70  13 20  9
71   2 16 11
72   2 20 11
73   5 16 15
74   5 20 15
97  28  8 14
98  28 12 14
99  28  8 18
100 28 12 18
101 48  8 14
102 48 12 14
103 48  8 18
104 48 12 18
75  18 16  0
76  18 18  0
77  26 16  0
78  26 18  0
79  18 16  2
80  18 18  2
81  26 16  2
82  26 18  2
83  16 16  7
84  16 18  7
85  20 16  8
86  20 18  8
87  22 16  2
88  22 18  2
89  19 16  5
90  19 19  5
91  15 16  8
92  15 19  8
93  25 16 13
94  25 19 13
95  21 16 16
96  21 19 16
105 1 8 18
106 1 8 22
107 1 12 18
108 1 12 22
109 -47 8 18
110 -47 8 22
111 -47 12 18 
112 -47 12 22 
199 48 10 13 
200 48 10 21
201 48 6 13
202 48 14 13
203 56 6 13
204 56 14 13
205 48 6 21
206 48 14 21
207 56 6 21
208 56 14 21
209 56 7 15  
210 56 13 15
211 62 7 15
212 62 13 15
213 56 7 18
214 56 13 18
215 62 7 18
216 62 13 18
217 50 11 21
218 50 11 23
219 50 12 21
220 50 12 23
221 53 11 21
222 53 11 23
223 53 12 21
224 53 12 23
225 50 8 21
226 50 8 23
227 50 9 21
228 50 9 23
229 53 8 23
230 53 8 21
231 53 9 21
232 53 9 23
233 56 7 13
234 56 13 13
235 62 7 13
236 62 13 13
237 56 7 14.8
238 56 13 14.8
239 62 7 14.8
240 62 13 14.8
241 56 7 14
242 56 13 14
243 58 8 18
244 58 9 18
245 60 9 18
246 60 8 18
247 58 8 19
248 58 9 19
249 60 9 19
250 60 8 19
251 58 11 18
252 58 12 18
253 60 11 18
254 60 12 18
255 58 11 19
256 58 12 19
257 60 12 19
258 60 11 19
259 56 7 19
260 56 9 19
261 56 7 20
262 56 9 20
263 56 11 19
264 56 13 19
265 56 11 20
266 56 13 20
131 25 17 21
132 0 17 21
133 25 16 22
134 25 16 20
135 25 18 22
136 25 18 20
137 0 16 22
138 0 16 20
139 0 18 22
140 0 18 20
141 0 45 22
142 23 18 22
143 23 18 20
144 25 45 22
145 25 45 20
146 23 45 22
147 23 45 20
148 25 4 22
149 25 4 20
150 25 2 22
151 25 2 20
152 0 4 22
153 0 4 20
154 0 2 22
155 0 2 20
156 0 -25 22 
157 23 2 22
158 23 2 20
159 25 -25 22
160 25 -25 20
161 23 -25 22
162 23 -25 20
163 25 3 21
164 0 3 21
301 6 10.5 22
302 10 10.5 22
303 6 9.5 22
304 10 9.5 22
305 6 10.5 25
306 10 10.5 25
307 10 9.5 25
308 6 9.5 25
309 14 10.5 22
310 18 10.5 22
311 14 9.5 22
312 18 9.5 22
313 14 10.5 25
314 18 10.5 25
315 14 9.5 25
316 18 9.5 25
317 22 10.5 22
318 26 10.5 22
319 22 9.5 22
320 26 9.5 22
321 22 10.5 25
322 26 10.5 25
323 22 9.5 25
324 26 9.5 25
329 29 10.5 18
330 31 10.5 18
331 29 9.5 18
332 31 9.5 18
333 29 10.5 20
334 31 10.5 20
335 29 9.5 20
336 31 9.5 20
337 33 10.5 18
338 35 10.5 18
339 33 9.5 18
340 35 9.5 18
341 33 10.5 20
342 35 10.5 20
343 33 9.5 20
344 35 9.5 20
345 37 10.5 18
346 39 10.5 18
347 37 9.5 18
348 39 9.5 18
349 37 10.5 20
350 39 10.5 20
351 37 9.5 20
352 39 9.5 20
353 41 10.5 18
354 43 10.5 18
355 41 9.5 18
356 43 9.5 18
357 41 10.5 20
358 43 10.5 20
359 41 9.5 20
360 43 9.5 20
361 45 10.5 18
362 47 10.5 18
363 45 9.5 18
364 47 9.5 18
365 45 10.5 20
366 47 10.5 20
367 45 9.5 20
368 47 9.5 20
Faces:
3 1 5 7.7 5 1 3.
1 5 6 2.2 6 5 1.
3 4 8 7.7 8 4 3.
7 8 6 5.5 6 8 7.
6 8 4 2.2 4 8 6.
5 9 11 13.13 11 9 5.
11 12 14 13.13 14 12 11.
5 6 13 14.14 13 6 5.
6 14 12 10.10 12 14 6.
11 9 10 12.12 10 9 11.
15 17 18 16.16 18 17 15.
15 17 21 19.19 21 17 15.
17 21 22 18.18 22 21 17.
22 20 16 18.18 16 20 22.
21 22 20 19.19 20 22 21.
45 49 50 46.46 50 49 45.
49 50 52 51.51 52 50 49.
51 52 48 47.47 48 52 51.
51 47 45 49.49 45 47 51.
50 46 48 52.52 48 46 50.
25 26 30 29.29 30 26 25.
35 36 30 29.29 30 36 35.
26 24 28 30.30 28 24 26.
27 23 25 29.29 25 23 27.
35 36 34 33.33 34 36 35.
32 28 36 34.34 36 28 32.
31 27 35 33.33 35 27 31.
27 28 32 31.31 32 28 27.
31 32 34 33.33 34 32 31.
37 38 42 41.41 42 38 37.
41 43 39 37.37 39 43 41.
43 44 42 41.41 42 44 43.
43 44 40 39.39 40 44 43.
37 38 40 39.39 40 38 37.
44 42 38 40.40 38 42 44.
56 54 58 60.60 58 54 56.
54 53 57 58.58 57 53 54.
61 59 60 62.62 60 59 61.
59 60 56 55.55 56 60 59.
53 57 59 55.55 59 57 53.
64 63 61 62.62 61 63 64.
58 66 65 57.57 65 66 58.
64 63 65 66.66 65 63 64.
63 65 57 61.61 57 65 63.
64 66 58 62.62 58 66 64.
73 74 72 71.71 72 74 73.
71 72 68 67.67 68 72 71.
74 72 68 70.70 68 72 74.
69 70 68 67.67 68 70 69.
73 71 67 69.69 67 71 73.
73 74 70 69.69 70 74 73.
97 99 103 101.101 103 99 97.
100 99 103 104.104 103 99 100.
100 98 102 104.104 102 98 100.
97 98 101 102.102 101 98 97.
77 78 82 81.81 82 78 77.
82 78 76 80.80 76 78 82.
76 75 79 80.80 79 75 76.
79 75 77 81.81 77 75 79.
87 88 82 81.81 82 88 87.
87 88 86 85.85 86 88 87.
86 84 80 88.88 80 84 86.
79 80 84 83.83 84 80 79.
83 84 86 85.85 86 84 83.
85 83 79 87.87 79 83 85.
89 90 94 93.93 94 90 89.
89 90 92 91.91 92 90 89.
92 91 95 96.96 95 91 92.
89 91 95 93.93 95 91 89.
93 94 96 95.95 96 94 93.
94 96 92 90.90 92 96 94.
108 106 110 112.112 110 106 108.
108 107 111 112.112 111 107 108.
105 106 110 109.109 110 106 105.
105 107 111 109.109 111 107 105.
112 111 109 110.110 109 111 112.
205 206 202 201.201 202 206 205.
204 202 206 208.208 206 202 204. 
205 206 208 207.207 208 206 205.
207 208 204 203.203 204 208 207.
207 205 201 203.203 201 205 207. 
201 202 204 203.203 204 202 201. 
213 214 216 215.215 216 214 213.
211 212 210 209.209 210 212 211. 
212 210 214 216.216 214 210 212.
215 216 212 211.211 212 216 215.
213 215 211 209.209 211 215 213.
226 228 232 229.229 232 228 226.
225 227 231 230.230 231 227 225.
232 231 227 228.228 227 231 232.
226 228 227 225.225 227 228 226.
229 226 225 230.230 225 226 229.
229 230 231 232.232 231 230 229.
218 220 224 222.222 224 220 218.
222 221 223 224.224 223 221 222.
223 219 220 224.224 220 219 223.
222 218 217 221.221 217 218 222.
224 220 219 223.223 219 220 224.
235 236 234 233.233 234 236 235.
237 238 239 240.240 239 238 237.
237 240 238 239.239 238 237 240.
235 236 240 239.239 240 236 235.
236 234 238 240.240 238 234 236.
240 238 239 237.237 239 238 240.
237 239 235 233.233 235 239 237.
133 137 139 135.135 139 137 133.
139 140 136 135.135 136 140 139.
133 135 136 134.134 136 135 133.
133 134 138 137.137 138 134 133.
137 139 140 138.138 140 139 137.
134 136 140 138.138 140 136 134.
135 142 143 136.136 143 142 135.
144 146 147 145.145 147 146 144.
135 136 145 144.144 145 136 135.
135 142 146 144.144 146 142 135.
142 146 147 143.143 147 146 142.
145 147 143 136.136 143 147 145.
139 141 146 142.142 146 141 139.
154 152 148 150.150 148 152 154.
148 150 151 149.149 151 150 148.
154 155 151 150.150 151 155 154.
152 153 149 148.148 149 153 152.
154 152 153 155.155 153 152 154.
155 153 149 151.151 149 153 155.
157 150 159 161.161 159 150 157.
150 151 160 159.159 160 151 150.
158 151 160 162.162 160 151 158.
157 158 162 161.161 162 158 157.
161 159 160 162.162 160 159 161.
154 156 161 157.157 161 156 154.
301 302 306 305.305 306 302 301.
301 303 308 305.305 308 303 301.
303 304 307 308.308 307 304 303.
304 302 306 307.307 306 302 304.
305 306 307 308.308 307 306 305.
309 310 314 313.313 314 310 309.
309 311 315 313.313 315 311 309.
311 312 316 315.315 316 312 311.
310 312 316 314.314 316 312 310.
313 314 316 315.315 316 314 313.
317 318 322 321.321 322 318 317. 
317 319 323 321.321 323 319 317.
319 320 324 323.323 324 320 319.
318 320 324 322.322 324 320 318.
321 322 324 323.323 324 322 321.
329 330 334 333.333 334 330 329.
329 331 335 333.333 335 331 329.
331 332 336 335.335 336 332 331.
330 332 336 334.334 336 332 330.
333 334 336 335.335 336 334 333.
337 338 342 341.341 342 338 337.
337 339 343 341.341 343 339 337.
339 340 344 343.343 344 340 339.
338 340 344 342.342 344 340 338.
341 342 344 343.343 344 342 341.
345 346 350 349.349 350 346 345.
345 347 351 349.349 351 347 345.
347 348 352 351.351 352 348 347.
346 348 352 350.350 352 348 346.
349 350 352 351.351 352 350 349.
353 354 358 357.357 358 354 353.
353 355 359 357.357 359 355 353.
355 356 360 359.359 360 356 355.
356 354 358 360.360 358 354 356.
357 358 360 359.359 360 358 357.
361 362 366 365.365 366 362 361.
361 363 367 365.365 367 363 361.
363 364 368 367.367 368 364 363.
362 364 366 368.368 366 364 362.
365 366 368 367.367 368 366 365.
246 243 247 250.250 247 243 246.
243 244 248 247.247 248 244 243.
245 244 248 249.249 248 244 245.
246 245 249 250.250 249 245 246.
250 247 248 249.249 248 247 250.
253 251 255 258.258 255 251 253.
251 252 256 255.255 256 252 251.
254 252 256 257.257 256 252 254.
253 254 257 258.258 257 254 253.
258 255 256 257.257 256 255 258.
259 260 262 261.261 262 260 259.
263 264 266 265.265 266 264 263.